LECROYWR104MXi,22915,Waveform
Segments,1,SegmentSize,2002
Segment,TrigTime,TimeSinceSegment1
#1,15-Mar-2016 07:38:26,0                 
Time,Ampl
-2.160018e-008,0.00301044
-2.150018e-008,-0.00338931
-2.140018e-008,-0.00338931
-2.130018e-008,-0.00658919
-2.120018e-008,-0.000189433
-2.110018e-008,0.00301044
-2.100018e-008,0.00301044
-2.090018e-008,-0.000189433
-2.080018e-008,0.00301044
-2.070018e-008,-0.00338931
-2.060018e-008,-0.00338931
-2.050018e-008,-0.00658919
-2.040018e-008,-0.00978906
-2.030018e-008,-0.00978906
-2.020018e-008,-0.00658919
-2.010018e-008,-0.0129889
-2.000018e-008,-0.00658919
-1.990018e-008,-0.0129889
-1.980018e-008,-0.0161888
-1.970018e-008,-0.0161888
-1.960018e-008,-0.0129889
-1.950018e-008,-0.00978906
-1.940018e-008,-0.0129889
-1.930018e-008,-0.00338931
-1.920018e-008,-0.00338931
-1.910018e-008,-0.000189433
-1.900018e-008,-0.00338931
-1.890018e-008,-0.00658919
-1.880018e-008,-0.0129889
-1.870018e-008,-0.00978906
-1.860018e-008,-0.00978906
-1.850018e-008,-0.00978906
-1.840018e-008,-0.00338931
-1.830018e-008,-0.00658919
-1.820018e-008,-0.00338931
-1.810018e-008,-0.00658919
-1.800018e-008,-0.0129889
-1.790018e-008,-0.0129889
-1.780018e-008,-0.00978906
-1.770018e-008,-0.00658919
-1.760018e-008,-0.00978906
-1.750018e-008,-0.0129889
-1.740018e-008,-0.0161888
-1.730018e-008,-0.0129889
-1.720018e-008,-0.00978906
-1.710018e-008,-0.00658919
-1.700018e-008,-0.00978906
-1.690018e-008,-0.0161888
-1.680018e-008,-0.0129889
-1.670018e-008,-0.00978906
-1.660018e-008,-0.00658919
-1.650018e-008,-0.0129889
-1.640018e-008,-0.0129889
-1.630018e-008,-0.0129889
-1.620018e-008,-0.00658919
-1.610018e-008,-0.00658919
-1.600018e-008,-0.00338931
-1.590018e-008,-0.00338931
-1.580018e-008,-0.00338931
-1.570018e-008,-0.000189433
-1.560018e-008,-0.00338931
-1.550018e-008,-0.00338931
-1.540018e-008,-0.000189433
-1.530018e-008,-0.00658919
-1.520018e-008,-0.000189433
-1.510018e-008,-0.00338931
-1.500018e-008,-0.00338931
-1.490018e-008,-0.00338931
-1.480018e-008,-0.000189433
-1.470018e-008,-0.00338931
-1.460018e-008,-0.000189433
-1.450018e-008,-0.00338931
-1.440018e-008,-0.00338931
-1.430018e-008,-0.00338931
-1.420018e-008,0.00301044
-1.410018e-008,-0.00978906
-1.400018e-008,-0.00978906
-1.390018e-008,-0.0161888
-1.380018e-008,-0.0129889
-1.370018e-008,-0.00978906
-1.360018e-008,-0.00978906
-1.350018e-008,-0.0161888
-1.340018e-008,-0.0161888
-1.330018e-008,-0.00978906
-1.320018e-008,-0.00978906
-1.310018e-008,-0.00978906
-1.300018e-008,-0.00978906
-1.290018e-008,-0.00978906
-1.280018e-008,-0.0129889
-1.270018e-008,-0.0129889
-1.260018e-008,-0.00658919
-1.250018e-008,-0.0129889
-1.240018e-008,-0.0161888
-1.230018e-008,-0.0161888
-1.220018e-008,-0.0129889
-1.210018e-008,-0.00978906
-1.200018e-008,-0.00338931
-1.190018e-008,-0.00658919
-1.180018e-008,-0.00658919
-1.170018e-008,-0.00338931
-1.160018e-008,-0.00338931
-1.150018e-008,-0.00978906
-1.140018e-008,-0.00658919
-1.130018e-008,-0.0129889
-1.120018e-008,-0.0225886
-1.110018e-008,-0.0225886
-1.100018e-008,-0.00978906
-1.090018e-008,-0.00978906
-1.080018e-008,-0.00978906
-1.070018e-008,-0.00978906
-1.060018e-008,-0.00978906
-1.050018e-008,-0.00658919
-1.040018e-008,-0.000189433
-1.030018e-008,-0.00658919
-1.020018e-008,-0.00658919
-1.010018e-008,-0.00978906
-1.000018e-008,-0.00658919
-9.900182e-009,-0.00978906
-9.800182e-009,-0.00658919
-9.700182e-009,-0.0129889
-9.600182e-009,-0.0129889
-9.500182e-009,-0.00658919
-9.400182e-009,-0.00338931
-9.300182e-009,-0.00658919
-9.200182e-009,-0.00658919
-9.100182e-009,-0.00978906
-9.000182e-009,-0.0129889
-8.900182e-009,-0.00978906
-8.800182e-009,-0.00658919
-8.700182e-009,-0.00658919
-8.600182e-009,-0.00658919
-8.500182e-009,-0.00338931
-8.400182e-009,-0.00338931
-8.300182e-009,0.00301044
-8.200182e-009,-0.000189433
-8.100182e-009,-0.00338931
-8.000182e-009,-0.00658919
-7.900182e-009,-0.00338931
-7.800182e-009,-0.000189433
-7.700182e-009,-0.00658919
-7.600182e-009,-0.00338931
-7.500182e-009,-0.00658919
-7.400182e-009,-0.00978906
-7.300182e-009,-0.0129889
-7.200182e-009,-0.0161888
-7.100182e-009,-0.0129889
-7.000182e-009,-0.00658919
-6.900182e-009,-0.00658919
-6.800182e-009,-0.00978906
-6.700182e-009,-0.0129889
-6.600182e-009,-0.0161888
-6.500182e-009,-0.0161888
-6.400182e-009,-0.00978906
-6.300182e-009,-0.00658919
-6.200182e-009,-0.00658919
-6.100182e-009,-0.0161888
-6.000182e-009,-0.00978906
-5.900182e-009,-0.0129889
-5.800182e-009,-0.0129889
-5.700182e-009,-0.0161888
-5.600182e-009,-0.0225886
-5.500182e-009,-0.0161888
-5.400182e-009,-0.0129889
-5.300182e-009,-0.00978906
-5.200182e-009,-0.00978906
-5.100182e-009,-0.0129889
-5.000182e-009,-0.0161888
-4.900182e-009,-0.0193887
-4.800182e-009,-0.0129889
-4.700182e-009,-0.00978906
-4.600182e-009,-0.0129889
-4.500182e-009,-0.0161888
-4.400182e-009,-0.0161888
-4.300182e-009,-0.0161888
-4.200182e-009,-0.00658919
-4.100182e-009,-0.00658919
-4.000182e-009,-0.00658919
-3.900182e-009,-0.0129889
-3.800182e-009,-0.00658919
-3.700182e-009,-0.00658919
-3.600182e-009,-0.00658919
-3.500182e-009,-0.00978906
-3.400182e-009,-0.0161888
-3.300182e-009,-0.0129889
-3.200182e-009,-0.00658919
-3.100182e-009,-0.00978906
-3.000182e-009,-0.00338931
-2.900182e-009,-0.00338931
-2.800182e-009,-0.00338931
-2.700182e-009,-0.0129889
-2.600182e-009,-0.00978906
-2.500182e-009,-0.00978906
-2.400182e-009,-0.00338931
-2.300182e-009,-0.00338931
-2.200182e-009,-0.000189433
-2.100182e-009,-0.00338931
-2.000182e-009,-0.000189433
-1.900182e-009,0.00301044
-1.800182e-009,-0.00658919
-1.700182e-009,-0.00338931
-1.600182e-009,-0.00658919
-1.500182e-009,-0.00658919
-1.400182e-009,-0.000189433
-1.300182e-009,0.00301044
-1.200182e-009,-0.000189433
-1.100182e-009,-0.000189433
-1.000182e-009,0.00301044
-9.001821e-010,-0.00338931
-8.001821e-010,-0.00338931
-7.001821e-010,-0.0129889
-6.001821e-010,-0.0129889
-5.001821e-010,-0.00338931
-4.001821e-010,-0.00338931
-3.001821e-010,-0.00658919
-2.001821e-010,-0.00978906
-1.001821e-010,-0.00338931
-1.82144e-013,0.0094102
9.981786e-011,0.0446088
1.998179e-010,0.092607
2.998179e-010,0.127806
3.998179e-010,0.153405
4.998179e-010,0.169404
5.998179e-010,0.175804
6.998179e-010,0.163004
7.998179e-010,0.159804
8.998179e-010,0.143805
9.998179e-010,0.127806
1.099818e-009,0.111806
1.199818e-009,0.0990068
1.299818e-009,0.0958069
1.399818e-009,0.0862072
1.499818e-009,0.0830074
1.599818e-009,0.0734077
1.699818e-009,0.067008
1.799818e-009,0.0702079
1.899818e-009,0.0606082
1.999818e-009,0.0574084
2.099818e-009,0.0638081
2.199818e-009,0.0574084
2.299818e-009,0.0478087
2.399818e-009,0.0510086
2.499818e-009,0.0510086
2.599818e-009,0.0510086
2.699818e-009,0.0542085
2.799818e-009,0.0478087
2.899818e-009,0.041409
2.999818e-009,0.0478087
3.099818e-009,0.0510086
3.199818e-009,0.0510086
3.299818e-009,0.0510086
3.399818e-009,0.0446088
3.499818e-009,0.0382091
3.599818e-009,0.0382091
3.699818e-009,0.0446088
3.799818e-009,0.0446088
3.899818e-009,0.0382091
3.999818e-009,0.0286095
4.099818e-009,0.0254096
4.199818e-009,0.0286095
4.299818e-009,0.0254096
4.399818e-009,0.0318093
4.499818e-009,0.0318093
4.599818e-009,0.0318093
4.699818e-009,0.0286095
4.799818e-009,0.0286095
4.899818e-009,0.0286095
4.999818e-009,0.0318093
5.099818e-009,0.0350092
5.199818e-009,0.0350092
5.299818e-009,0.0318093
5.399818e-009,0.0222097
5.499818e-009,0.0254096
5.599818e-009,0.01581
5.699818e-009,0.01581
5.799818e-009,0.0094102
5.899818e-009,0.0094102
5.999818e-009,0.01581
6.099818e-009,0.0190098
6.199818e-009,0.0254096
6.299818e-009,0.0382091
6.399818e-009,0.0350092
6.499818e-009,0.0382091
6.599818e-009,0.0382091
6.699818e-009,0.0318093
6.799818e-009,0.0286095
6.899818e-009,0.0318093
6.999818e-009,0.0382091
7.099818e-009,0.0350092
7.199818e-009,0.0382091
7.299818e-009,0.041409
7.399818e-009,0.0382091
7.499818e-009,0.041409
7.599818e-009,0.0382091
7.699818e-009,0.0350092
7.799818e-009,0.0382091
7.899818e-009,0.0350092
7.999818e-009,0.0286095
8.099818e-009,0.0318093
8.199818e-009,0.0318093
8.299818e-009,0.0382091
8.399818e-009,0.0350092
8.499818e-009,0.0318093
8.599818e-009,0.0222097
8.699818e-009,0.0254096
8.799818e-009,0.0254096
8.899818e-009,0.0254096
8.999818e-009,0.0318093
9.099818e-009,0.0318093
9.199818e-009,0.0286095
9.299818e-009,0.0286095
9.399818e-009,0.0286095
9.499818e-009,0.0286095
9.599818e-009,0.0286095
9.699818e-009,0.0254096
9.799818e-009,0.0254096
9.899818e-009,0.0318093
9.999818e-009,0.0254096
1.009982e-008,0.0286095
1.019982e-008,0.0286095
1.029982e-008,0.0286095
1.039982e-008,0.0318093
1.049982e-008,0.0190098
1.059982e-008,0.0222097
1.069982e-008,0.0254096
1.079982e-008,0.0254096
1.089982e-008,0.0254096
1.099982e-008,0.0222097
1.109982e-008,0.0286095
1.119982e-008,0.0222097
1.129982e-008,0.0190098
1.139982e-008,0.0254096
1.149982e-008,0.0222097
1.159982e-008,0.0222097
1.169982e-008,0.0254096
1.179982e-008,0.0254096
1.189982e-008,0.0286095
1.199982e-008,0.0254096
1.209982e-008,0.0254096
1.219982e-008,0.0190098
1.229982e-008,0.0254096
1.239982e-008,0.0286095
1.249982e-008,0.0318093
1.259982e-008,0.0382091
1.269982e-008,0.0350092
1.279982e-008,0.0478087
1.289982e-008,0.0318093
1.299982e-008,0.0222097
1.309982e-008,0.0254096
1.319982e-008,0.0190098
1.329982e-008,0.0190098
1.339982e-008,0.0190098
1.349982e-008,0.0254096
1.359982e-008,0.0254096
1.369982e-008,0.0286095
1.379982e-008,0.0190098
1.389982e-008,0.0190098
1.399982e-008,0.01581
1.409982e-008,0.0190098
1.419982e-008,0.0126101
1.429982e-008,0.01581
1.439982e-008,0.01581
1.449982e-008,0.01581
1.459982e-008,0.0094102
1.469982e-008,0.0094102
1.479982e-008,0.0094102
1.489982e-008,0.0094102
1.499982e-008,0.00301044
1.509982e-008,0.0094102
1.519982e-008,0.0126101
1.529982e-008,0.0126101
1.539982e-008,0.01581
1.549982e-008,0.0190098
1.559982e-008,0.0126101
1.569982e-008,0.0126101
1.579982e-008,0.01581
1.589982e-008,0.0222097
1.599982e-008,0.01581
1.609982e-008,0.01581
1.619982e-008,0.0126101
1.629982e-008,0.0190098
1.639982e-008,0.01581
1.649982e-008,0.0126101
1.659982e-008,0.01581
1.669982e-008,0.01581
1.679982e-008,0.0222097
1.689982e-008,0.0190098
1.699982e-008,0.01581
1.709982e-008,0.0222097
1.719982e-008,0.01581
1.729982e-008,0.01581
1.739982e-008,0.01581
1.749982e-008,0.0222097
1.759982e-008,0.01581
1.769982e-008,0.01581
1.779982e-008,0.01581
1.789982e-008,0.01581
1.799982e-008,0.0254096
1.809982e-008,0.0254096
1.819982e-008,0.0286095
1.829982e-008,0.0350092
1.839982e-008,0.0318093
1.849982e-008,0.0190098
1.859982e-008,0.0222097
1.869982e-008,0.0126101
1.879982e-008,0.0126101
1.889982e-008,0.0222097
1.899982e-008,0.0190098
1.909982e-008,0.0190098
1.919982e-008,0.01581
1.929982e-008,0.0190098
1.939982e-008,0.0126101
1.949982e-008,0.0094102
1.959982e-008,0.00621032
1.969982e-008,0.00301044
1.979982e-008,0.00301044
1.989982e-008,0.0094102
1.999982e-008,0.0190098
2.009982e-008,0.0190098
2.019982e-008,0.0190098
2.029982e-008,0.01581
2.039982e-008,0.01581
2.049982e-008,0.01581
2.059982e-008,0.0126101
2.069982e-008,0.0190098
2.079982e-008,0.0126101
2.089982e-008,0.00621032
2.099982e-008,0.00621032
2.109982e-008,-0.000189433
2.119982e-008,0.0094102
2.129982e-008,0.01581
2.139982e-008,0.0126101
2.149982e-008,0.0094102
2.159982e-008,0.00621032
2.169982e-008,0.0094102
2.179982e-008,0.00621032
2.189982e-008,0.0094102
2.199982e-008,0.0094102
2.209982e-008,0.0126101
2.219982e-008,0.01581
2.229982e-008,0.0190098
2.239982e-008,0.0190098
2.249982e-008,0.01581
2.259982e-008,0.0126101
2.269982e-008,0.0126101
2.279982e-008,0.01581
2.289982e-008,0.0126101
2.299982e-008,0.0126101
2.309982e-008,0.01581
2.319982e-008,0.0126101
2.329982e-008,0.0126101
2.339982e-008,0.01581
2.349982e-008,0.0190098
2.359982e-008,0.01581
2.369982e-008,0.01581
2.379982e-008,0.0190098
2.389982e-008,0.0190098
2.399982e-008,0.01581
2.409982e-008,0.0126101
2.419982e-008,0.0126101
2.429982e-008,0.0094102
2.439982e-008,0.00621032
2.449982e-008,0.00621032
2.459982e-008,0.0094102
2.469982e-008,-0.000189433
2.479982e-008,0.00301044
2.489982e-008,0.00301044
2.499982e-008,0.00301044
2.509982e-008,-0.000189433
2.519982e-008,0.00621032
2.529982e-008,0.00621032
2.539982e-008,0.0094102
2.549982e-008,0.01581
2.559982e-008,0.01581
2.569982e-008,0.0094102
2.579982e-008,0.0094102
2.589982e-008,0.0094102
2.599982e-008,0.00301044
2.609982e-008,0.0094102
2.619982e-008,0.0094102
2.629982e-008,0.0094102
2.639982e-008,0.01581
2.649982e-008,0.00301044
2.659982e-008,0.0094102
2.669982e-008,0.01581
2.679982e-008,0.01581
2.689982e-008,0.00301044
2.699982e-008,0.00301044
2.709982e-008,-0.00658919
2.719982e-008,-0.000189433
2.729982e-008,-0.000189433
2.739982e-008,0.00621032
2.749982e-008,0.0094102
2.759982e-008,0.00301044
2.769982e-008,0.00301044
2.779982e-008,0.00621032
2.789982e-008,0.0094102
2.799982e-008,0.00301044
2.809982e-008,0.00301044
2.819982e-008,-0.00338931
2.829982e-008,-0.000189433
2.839982e-008,0.00621032
2.849982e-008,0.00621032
2.859982e-008,0.0094102
2.869982e-008,0.00621032
2.879982e-008,0.0126101
2.889982e-008,0.01581
2.899982e-008,0.0094102
2.909982e-008,0.00621032
2.919982e-008,-0.000189433
2.929982e-008,0.00301044
2.939982e-008,0.0126101
2.949982e-008,0.0094102
2.959982e-008,0.0094102
2.969982e-008,0.0094102
2.979982e-008,0.0094102
2.989982e-008,0.00301044
2.999982e-008,0.00301044
3.009982e-008,0.00621032
3.019982e-008,0.00301044
3.029982e-008,-0.000189433
3.039982e-008,0.0126101
3.049982e-008,0.0094102
3.059982e-008,0.0094102
3.069982e-008,0.0190098
3.079982e-008,0.0190098
3.089982e-008,0.0126101
3.099982e-008,0.0126101
3.109982e-008,0.0094102
3.119982e-008,0.01581
3.129982e-008,0.0094102
3.139982e-008,0.0094102
3.149982e-008,0.00301044
3.159982e-008,0.00621032
3.169982e-008,0.0094102
3.179982e-008,0.0126101
3.189982e-008,0.0094102
3.199982e-008,0.00301044
3.209982e-008,0.00301044
3.219982e-008,-0.000189433
3.229982e-008,0.00301044
3.239982e-008,0.00621032
3.249982e-008,0.00301044
3.259982e-008,0.00301044
3.269982e-008,0.00301044
3.279982e-008,0.00621032
3.289982e-008,0.0094102
3.299982e-008,0.00301044
3.309982e-008,0.00301044
3.319982e-008,0.00301044
3.329982e-008,-0.00338931
3.339982e-008,-0.00338931
3.349982e-008,-0.00338931
3.359982e-008,0.00301044
3.369982e-008,0.00301044
3.379982e-008,0.00621032
3.389982e-008,0.00301044
3.399982e-008,0.00301044
3.409982e-008,-0.00338931
3.419982e-008,-0.00978906
3.429982e-008,-0.0161888
3.439982e-008,-0.00978906
3.449982e-008,-0.00658919
3.459982e-008,0.00301044
3.469982e-008,0.00621032
3.479982e-008,0.0094102
3.489982e-008,0.01581
3.499982e-008,0.0094102
3.509982e-008,0.0126101
3.519982e-008,0.00621032
3.529982e-008,-0.00978906
3.539982e-008,-0.00338931
3.549982e-008,-0.00658919
3.559982e-008,-0.00338931
3.569982e-008,-0.000189433
3.579982e-008,0.00301044
3.589982e-008,0.00301044
3.599982e-008,0.00301044
3.609982e-008,0.00301044
3.619982e-008,0.00621032
3.629982e-008,0.00621032
3.639982e-008,0.00621032
3.649982e-008,0.00301044
3.659982e-008,-0.000189433
3.669982e-008,-0.00338931
3.679982e-008,0.00301044
3.689982e-008,-0.00338931
3.699982e-008,-0.000189433
3.709982e-008,-0.000189433
3.719982e-008,-0.00338931
3.729982e-008,0.00301044
3.739982e-008,0.00621032
3.749982e-008,-0.000189433
3.759982e-008,-0.000189433
3.769982e-008,-0.000189433
3.779982e-008,-0.000189433
3.789982e-008,0.00621032
3.799982e-008,0.0126101
3.809982e-008,0.00621032
3.819982e-008,0.00621032
3.829982e-008,0.00301044
3.839982e-008,0.00621032
3.849982e-008,0.00621032
3.859982e-008,0.00301044
3.869982e-008,-0.00338931
3.879982e-008,0.00301044
3.889982e-008,0.00301044
3.899982e-008,0.0126101
3.909982e-008,-0.000189433
3.919982e-008,0.00301044
3.929982e-008,0.00301044
3.939982e-008,-0.00338931
3.949982e-008,-0.00658919
3.959982e-008,-0.00978906
3.969982e-008,-0.00658919
3.979982e-008,-0.000189433
3.989982e-008,-0.000189433
3.999982e-008,-0.00338931
4.009982e-008,-0.00978906
4.019982e-008,-0.00978906
4.029982e-008,-0.00338931
4.039982e-008,-0.00338931
4.049982e-008,-0.000189433
4.059982e-008,0.00301044
4.069982e-008,-0.00338931
4.079982e-008,-0.000189433
4.089982e-008,-0.00338931
4.099982e-008,-0.00978906
4.109982e-008,-0.00658919
4.119982e-008,-0.00338931
4.129982e-008,-0.000189433
4.139982e-008,-0.000189433
4.149982e-008,0.0126101
4.159982e-008,0.0094102
4.169982e-008,0.0094102
4.179982e-008,0.0094102
4.189982e-008,0.00301044
4.199982e-008,0.00301044
4.209982e-008,0.00301044
4.219982e-008,0.00301044
4.229982e-008,-0.000189433
4.239982e-008,-0.000189433
4.249982e-008,-0.00658919
4.259982e-008,0.00301044
4.269982e-008,-0.00338931
4.279982e-008,0.00621032
4.289982e-008,-0.00338931
4.299982e-008,-0.00338931
4.309982e-008,-0.00658919
4.319982e-008,-0.00338931
4.329982e-008,-0.000189433
4.339982e-008,-0.000189433
4.349982e-008,-0.00658919
4.359982e-008,-0.00658919
4.369982e-008,-0.00658919
4.379982e-008,-0.00658919
4.389982e-008,-0.000189433
4.399982e-008,0.00301044
4.409982e-008,-0.00658919
4.419982e-008,-0.00338931
4.429982e-008,-0.00658919
4.439982e-008,-0.000189433
4.449982e-008,0.00301044
4.459982e-008,0.00621032
4.469982e-008,0.00621032
4.479982e-008,0.0126101
4.489982e-008,0.00301044
4.499982e-008,0.0094102
4.509982e-008,0.0094102
4.519982e-008,0.00621032
4.529982e-008,0.00621032
4.539982e-008,0.00621032
4.549982e-008,0.00621032
4.559982e-008,0.00621032
4.569982e-008,0.00301044
4.579982e-008,-0.00338931
4.589982e-008,-0.0129889
4.599982e-008,-0.00978906
4.609982e-008,-0.0129889
4.619982e-008,-0.00978906
4.629982e-008,-0.00658919
4.639982e-008,-0.00658919
4.649982e-008,-0.000189433
4.659982e-008,0.00301044
4.669982e-008,-0.00658919
4.679982e-008,-0.0129889
4.689982e-008,-0.00658919
4.699982e-008,-0.00338931
4.709982e-008,-0.00658919
4.719982e-008,-0.00658919
4.729982e-008,-0.0129889
4.739982e-008,-0.00658919
4.749982e-008,-0.000189433
4.759982e-008,0.00301044
4.769982e-008,-0.000189433
4.779982e-008,-0.000189433
4.789982e-008,-0.00978906
4.799982e-008,-0.000189433
4.809982e-008,-0.00338931
4.819982e-008,-0.00338931
4.829982e-008,-0.00658919
4.839982e-008,-0.00658919
4.849982e-008,-0.00338931
4.859982e-008,0.00621032
4.869982e-008,0.0094102
4.879982e-008,0.00301044
4.889982e-008,0.00301044
4.899982e-008,0.00301044
4.909982e-008,0.00301044
4.919982e-008,-0.00338931
4.929982e-008,-0.000189433
4.939982e-008,-0.00338931
4.949982e-008,-0.000189433
4.959982e-008,0.0094102
4.969982e-008,0.0094102
4.979982e-008,0.0094102
4.989982e-008,0.0126101
4.999982e-008,0.00301044
5.009982e-008,-0.00658919
5.019982e-008,-0.00338931
5.029982e-008,-0.000189433
5.039982e-008,-0.000189433
5.049982e-008,-0.000189433
5.059982e-008,-0.00338931
5.069982e-008,-0.00658919
5.079982e-008,-0.00338931
5.089982e-008,-0.000189433
5.099982e-008,-0.000189433
5.109982e-008,0.00621032
5.119982e-008,0.00301044
5.129982e-008,-0.000189433
5.139982e-008,-0.00338931
5.149982e-008,-0.00338931
5.159982e-008,-0.000189433
5.169982e-008,-0.00338931
5.179982e-008,-0.000189433
5.189982e-008,-0.000189433
5.199982e-008,-0.00338931
5.209982e-008,-0.000189433
5.219982e-008,-0.000189433
5.229982e-008,-0.000189433
5.239982e-008,0.00301044
5.249982e-008,-0.00338931
5.259982e-008,-0.0129889
5.269982e-008,-0.00978906
5.279982e-008,-0.00338931
5.289982e-008,-0.00978906
5.299982e-008,-0.00338931
5.309982e-008,-0.00338931
5.319982e-008,-0.00338931
5.329982e-008,-0.0129889
5.339982e-008,-0.00338931
5.349982e-008,-0.000189433
5.359982e-008,-0.00338931
5.369982e-008,-0.00658919
5.379982e-008,-0.000189433
5.389982e-008,0.00621032
5.399982e-008,0.00301044
5.409982e-008,-0.000189433
5.419982e-008,-0.000189433
5.429982e-008,-0.00338931
5.439982e-008,-0.000189433
5.449982e-008,-0.00338931
5.459982e-008,0.00301044
5.469982e-008,0.00301044
5.479982e-008,-0.000189433
5.489982e-008,0.00301044
5.499982e-008,0.00621032
5.509982e-008,0.00621032
5.519982e-008,0.00621032
5.529982e-008,0.00621032
5.539982e-008,0.00621032
5.549982e-008,-0.000189433
5.559982e-008,-0.00658919
5.569982e-008,0.00301044
5.579982e-008,-0.000189433
5.589982e-008,0.00621032
5.599982e-008,0.00301044
5.609982e-008,-0.000189433
5.619982e-008,0.00301044
5.629982e-008,0.00621032
5.639982e-008,-0.000189433
5.649982e-008,-0.00338931
5.659982e-008,-0.00338931
5.669982e-008,-0.00658919
5.679982e-008,-0.00658919
5.689982e-008,-0.00658919
5.699982e-008,-0.00658919
5.709982e-008,-0.00658919
5.719982e-008,-0.00338931
5.729982e-008,-0.00338931
5.739982e-008,-0.000189433
5.749982e-008,-0.000189433
5.759982e-008,-0.00338931
5.769982e-008,-0.00338931
5.779982e-008,-0.00658919
5.789982e-008,-0.00658919
5.799982e-008,-0.00978906
5.809982e-008,-0.00658919
5.819982e-008,-0.00338931
5.829982e-008,-0.00338931
5.839982e-008,-0.00338931
5.849982e-008,-0.00658919
5.859982e-008,-0.0129889
5.869982e-008,-0.00978906
5.879982e-008,-0.00978906
5.889982e-008,-0.00658919
5.899982e-008,-0.000189433
5.909982e-008,-0.000189433
5.919982e-008,-0.00338931
5.929982e-008,-0.0129889
5.939982e-008,-0.0129889
5.949982e-008,-0.00978906
5.959982e-008,-0.00658919
5.969982e-008,-0.00658919
5.979982e-008,0.00301044
5.989982e-008,-0.00338931
5.999982e-008,-0.000189433
6.009982e-008,-0.000189433
6.019982e-008,0.00301044
6.029982e-008,-0.00658919
6.039982e-008,-0.000189433
6.049982e-008,-0.00658919
6.059982e-008,-0.00338931
6.069982e-008,-0.00658919
6.079982e-008,-0.00658919
6.089982e-008,-0.00978906
6.099982e-008,-0.00978906
6.109982e-008,-0.0161888
6.119982e-008,-0.0129889
6.129982e-008,-0.00658919
6.139982e-008,-0.000189433
6.149982e-008,-0.00338931
6.159982e-008,-0.00658919
6.169982e-008,-0.00658919
6.179982e-008,-0.00658919
6.189982e-008,-0.00338931
6.199982e-008,-0.00338931
6.209982e-008,-0.00338931
6.219982e-008,-0.00978906
6.229982e-008,-0.0161888
6.239982e-008,-0.00978906
6.249982e-008,-0.00658919
6.259982e-008,-0.00658919
6.269982e-008,-0.0129889
6.279982e-008,-0.00658919
6.289982e-008,-0.00978906
6.299982e-008,-0.00338931
6.309982e-008,-0.00658919
6.319982e-008,0.00301044
6.329982e-008,-0.000189433
6.339982e-008,0.00621032
6.349982e-008,0.00621032
6.359982e-008,-0.00338931
6.369982e-008,-0.00658919
6.379982e-008,-0.00978906
6.389982e-008,-0.00658919
6.399982e-008,-0.00338931
6.409982e-008,0.00301044
6.419982e-008,0.00621032
6.429982e-008,-0.000189433
6.439982e-008,-0.00658919
6.449982e-008,-0.00658919
6.459982e-008,-0.00658919
6.469982e-008,-0.00658919
6.479982e-008,-0.00338931
6.489982e-008,-0.00658919
6.499982e-008,-0.00338931
6.509982e-008,-0.00658919
6.519982e-008,-0.00338931
6.529982e-008,-0.00658919
6.539982e-008,-0.00978906
6.549982e-008,-0.00658919
6.559982e-008,-0.00658919
6.569982e-008,-0.00338931
6.579982e-008,-0.00338931
6.589982e-008,-0.00658919
6.599982e-008,-0.00978906
6.609982e-008,-0.00978906
6.619982e-008,-0.00658919
6.629982e-008,-0.00658919
6.639982e-008,-0.00338931
6.649982e-008,-0.000189433
6.659982e-008,-0.000189433
6.669982e-008,-0.000189433
6.679982e-008,0.00301044
6.689982e-008,-0.00338931
6.699982e-008,-0.00338931
6.709982e-008,-0.0129889
6.719982e-008,-0.0129889
6.729982e-008,-0.00658919
6.739982e-008,-0.00338931
6.749982e-008,-0.00978906
6.759982e-008,-0.00978906
6.769982e-008,-0.00978906
6.779982e-008,-0.00978906
6.789982e-008,-0.0129889
6.799982e-008,-0.00978906
6.809982e-008,-0.0193887
6.819982e-008,-0.0129889
6.829982e-008,-0.0129889
6.839982e-008,-0.0129889
6.849982e-008,-0.0129889
6.859982e-008,-0.00978906
6.869982e-008,-0.00978906
6.879982e-008,-0.00658919
6.889982e-008,-0.00658919
6.899982e-008,0.00301044
6.909982e-008,-0.000189433
6.919982e-008,0.00301044
6.929982e-008,-0.00338931
6.939982e-008,-0.00338931
6.949982e-008,-0.00658919
6.959982e-008,0.00301044
6.969982e-008,-0.00338931
6.979982e-008,-0.000189433
6.989982e-008,-0.00338931
6.999982e-008,0.00301044
7.009982e-008,0.00301044
7.019982e-008,-0.00338931
7.029982e-008,-0.000189433
7.039982e-008,-0.000189433
7.049982e-008,-0.00658919
7.059982e-008,-0.00658919
7.069982e-008,-0.00978906
7.079982e-008,-0.00978906
7.089982e-008,-0.00338931
7.099982e-008,-0.00658919
7.109982e-008,-0.00338931
7.119982e-008,-0.00338931
7.129982e-008,-0.00978906
7.139982e-008,-0.00978906
7.149982e-008,-0.00658919
7.159982e-008,-0.00658919
7.169982e-008,-0.00338931
7.179982e-008,-0.00338931
7.189982e-008,-0.00338931
7.199982e-008,-0.00338931
7.209982e-008,-0.00658919
7.219982e-008,-0.00338931
7.229982e-008,-0.000189433
7.239982e-008,-0.000189433
7.249982e-008,0.00621032
7.259982e-008,0.0094102
7.269982e-008,0.0094102
7.279982e-008,-0.000189433
7.289982e-008,-0.00338931
7.299982e-008,-0.00338931
7.309982e-008,-0.000189433
7.319982e-008,-0.00658919
7.329982e-008,-0.00338931
7.339982e-008,-0.00338931
7.349982e-008,-0.00338931
7.359982e-008,-0.00338931
7.369982e-008,-0.00658919
7.379982e-008,-0.00658919
7.389982e-008,-0.0129889
7.399982e-008,-0.00338931
7.409982e-008,-0.00658919
7.419982e-008,-0.00658919
7.429982e-008,-0.00338931
7.439982e-008,-0.00658919
7.449982e-008,-0.0161888
7.459982e-008,-0.00658919
7.469982e-008,-0.0129889
7.479982e-008,-0.00978906
7.489982e-008,-0.000189433
7.499982e-008,-0.000189433
7.509982e-008,0.00621032
7.519982e-008,0.00301044
7.529982e-008,-0.00338931
7.539982e-008,-0.00658919
7.549982e-008,-0.0129889
7.559982e-008,-0.0129889
7.569982e-008,-0.0161888
7.579982e-008,-0.00338931
7.589982e-008,-0.00658919
7.599982e-008,-0.00338931
7.609982e-008,-0.00658919
7.619982e-008,-0.00978906
7.629982e-008,-0.00658919
7.639982e-008,-0.00338931
7.649982e-008,-0.00658919
7.659982e-008,-0.00658919
7.669982e-008,-0.00978906
7.679982e-008,-0.00978906
7.689982e-008,-0.00338931
7.699982e-008,-0.00658919
7.709982e-008,-0.00978906
7.719982e-008,-0.00978906
7.729982e-008,-0.0129889
7.739982e-008,-0.00658919
7.749982e-008,-0.00338931
7.759982e-008,-0.00658919
7.769982e-008,-0.0161888
7.779982e-008,-0.00978906
7.789982e-008,-0.0129889
7.799982e-008,-0.00658919
7.809982e-008,-0.00338931
7.819982e-008,-0.000189433
7.829982e-008,-0.00338931
7.839982e-008,-0.00658919
7.849982e-008,-0.00978906
7.859982e-008,-0.00338931
7.869982e-008,-0.000189433
7.879982e-008,0.00301044
7.889982e-008,-0.00338931
7.899982e-008,-0.000189433
7.909982e-008,-0.00658919
7.919982e-008,-0.00658919
7.929982e-008,-0.00658919
7.939982e-008,-0.00658919
7.949982e-008,-0.00338931
7.959982e-008,-0.000189433
7.969982e-008,-0.00658919
7.979982e-008,-0.00338931
7.989982e-008,-0.00658919
7.999982e-008,-0.00978906
8.009982e-008,-0.00978906
8.019982e-008,-0.00978906
8.029982e-008,-0.00978906
8.039982e-008,-0.00978906
8.049982e-008,-0.00978906
8.059982e-008,-0.00658919
8.069982e-008,-0.00978906
8.079982e-008,-0.0129889
8.089982e-008,-0.0129889
8.099982e-008,-0.00978906
8.109982e-008,-0.0129889
8.119982e-008,-0.00978906
8.129982e-008,-0.00978906
8.139982e-008,-0.00978906
8.149982e-008,-0.00978906
8.159982e-008,-0.00658919
8.169982e-008,-0.00978906
8.179982e-008,-0.000189433
8.189982e-008,-0.00338931
8.199982e-008,-0.00338931
8.209982e-008,-0.00658919
8.219982e-008,-0.00658919
8.229982e-008,-0.000189433
8.239982e-008,-0.00338931
8.249982e-008,-0.00338931
8.259982e-008,0.00301044
8.269982e-008,-0.000189433
8.279982e-008,-0.000189433
8.289982e-008,0.00301044
8.299982e-008,-0.000189433
8.309982e-008,-0.00338931
8.319982e-008,-0.000189433
8.329982e-008,-0.00658919
8.339982e-008,-0.00658919
8.349982e-008,-0.00658919
8.359982e-008,-0.00978906
8.369982e-008,-0.0161888
8.379982e-008,-0.0129889
8.389982e-008,-0.0193887
8.399982e-008,-0.0129889
8.409982e-008,-0.0129889
8.419982e-008,-0.00978906
8.429982e-008,-0.0129889
8.439982e-008,-0.0129889
8.449982e-008,-0.0129889
8.459982e-008,-0.00978906
8.469982e-008,-0.00658919
8.479982e-008,-0.000189433
8.489982e-008,-0.00658919
8.499982e-008,-0.00338931
8.509982e-008,-0.00658919
8.519982e-008,-0.00978906
8.529982e-008,-0.00658919
8.539982e-008,-0.000189433
8.549982e-008,-0.000189433
8.559982e-008,-0.000189433
8.569982e-008,0.00301044
8.579982e-008,0.00301044
8.589982e-008,-0.00338931
8.599982e-008,-0.00338931
8.609982e-008,-0.00658919
8.619982e-008,-0.00658919
8.629982e-008,-0.00978906
8.639982e-008,-0.00978906
8.649982e-008,-0.00658919
8.659982e-008,-0.0129889
8.669982e-008,-0.00978906
8.679982e-008,-0.00658919
8.689982e-008,-0.00658919
8.699982e-008,-0.00658919
8.709982e-008,-0.00978906
8.719982e-008,-0.0129889
8.729982e-008,-0.00978906
8.739982e-008,-0.00978906
8.749982e-008,-0.00658919
8.759982e-008,-0.00658919
8.769982e-008,-0.00658919
8.779982e-008,-0.00658919
8.789982e-008,-0.00978906
8.799982e-008,-0.00338931
8.809982e-008,-0.00338931
8.819982e-008,-0.00338931
8.829982e-008,-0.00658919
8.839982e-008,-0.00338931
8.849982e-008,-0.000189433
8.859982e-008,0.00621032
8.869982e-008,-0.000189433
8.879982e-008,-0.00338931
8.889982e-008,-0.00658919
8.899982e-008,-0.00338931
8.909982e-008,-0.00658919
8.919982e-008,-0.00658919
8.929982e-008,-0.00658919
8.939982e-008,-0.0129889
8.949982e-008,-0.00978906
8.959982e-008,-0.00978906
8.969982e-008,-0.00658919
8.979982e-008,-0.00978906
8.989982e-008,-0.00978906
8.999982e-008,-0.00978906
9.009982e-008,-0.00978906
9.019982e-008,-0.0129889
9.029982e-008,-0.0193887
9.039982e-008,-0.0193887
9.049982e-008,-0.0193887
9.059982e-008,-0.0129889
9.069982e-008,-0.00978906
9.079982e-008,-0.00978906
9.089982e-008,-0.00978906
9.099982e-008,-0.00338931
9.109982e-008,0.00621032
9.119982e-008,-0.00338931
9.129982e-008,-0.00658919
9.139982e-008,-0.00658919
9.149982e-008,-0.00658919
9.159982e-008,-0.00658919
9.169982e-008,-0.00658919
9.179982e-008,-0.00658919
9.189982e-008,-0.00658919
9.199982e-008,-0.00658919
9.209982e-008,-0.00658919
9.219982e-008,-0.00658919
9.229982e-008,-0.00978906
9.239982e-008,-0.00978906
9.249982e-008,-0.0129889
9.259982e-008,-0.00978906
9.269982e-008,-0.0129889
9.279982e-008,-0.00978906
9.289982e-008,-0.00978906
9.299982e-008,-0.00978906
9.309982e-008,-0.00978906
9.319982e-008,-0.00658919
9.329982e-008,-0.0161888
9.339982e-008,-0.00978906
9.349982e-008,-0.0129889
9.359982e-008,-0.00338931
9.369982e-008,-0.00338931
9.379982e-008,-0.000189433
9.389982e-008,-0.000189433
9.399982e-008,-0.000189433
9.409982e-008,-0.000189433
9.419982e-008,-0.00978906
9.429982e-008,-0.00978906
9.439982e-008,-0.0129889
9.449982e-008,-0.00658919
9.459982e-008,-0.00338931
9.469982e-008,-0.00338931
9.479982e-008,-0.000189433
9.489982e-008,0.00621032
9.499982e-008,0.00621032
9.509982e-008,-0.000189433
9.519982e-008,-0.00658919
9.529982e-008,-0.00338931
9.539982e-008,-0.00978906
9.549982e-008,-0.0129889
9.559982e-008,-0.00978906
9.569982e-008,-0.0161888
9.579982e-008,-0.00658919
9.589982e-008,-0.00338931
9.599982e-008,-0.00658919
9.609982e-008,-0.00978906
9.619982e-008,-0.00978906
9.629982e-008,-0.0161888
9.639982e-008,-0.0161888
9.649982e-008,-0.00658919
9.659982e-008,-0.0129889
9.669982e-008,-0.00978906
9.679982e-008,-0.00338931
9.689982e-008,-0.00338931
9.699982e-008,-0.00338931
9.709982e-008,-0.00978906
9.719982e-008,-0.00978906
9.729982e-008,-0.00978906
9.739982e-008,-0.00658919
9.749982e-008,-0.00658919
9.759982e-008,-0.00338931
9.769982e-008,-0.000189433
9.779982e-008,0.0094102
9.789982e-008,0.00301044
9.799982e-008,0.00301044
9.809982e-008,0.00621032
9.819982e-008,0.00621032
9.829982e-008,-0.000189433
9.839982e-008,-0.000189433
9.849982e-008,-0.00658919
9.859982e-008,-0.00658919
9.869982e-008,-0.00978906
9.879982e-008,-0.00658919
9.889982e-008,-0.00978906
9.899982e-008,-0.00338931
9.909982e-008,-0.0129889
9.919982e-008,-0.00978906
9.929982e-008,-0.00658919
9.939982e-008,-0.0129889
9.949982e-008,-0.0161888
9.959982e-008,-0.0193887
9.969982e-008,-0.0161888
9.979982e-008,-0.0129889
9.989982e-008,-0.00978906
9.999982e-008,-0.00338931
1.000998e-007,-0.000189433
1.001998e-007,-0.00658919
1.002998e-007,-0.00978906
1.003998e-007,-0.000189433
1.004998e-007,-0.000189433
1.005998e-007,-0.000189433
1.006998e-007,-0.00338931
1.007998e-007,-0.000189433
1.008998e-007,-0.00338931
1.009998e-007,-0.00658919
1.010998e-007,-0.00658919
1.011998e-007,-0.00658919
1.012998e-007,-0.00658919
1.013998e-007,-0.0129889
1.014998e-007,-0.00978906
1.015998e-007,-0.000189433
1.016998e-007,-0.00978906
1.017998e-007,-0.0129889
1.018998e-007,-0.00978906
1.019998e-007,-0.0129889
1.020998e-007,-0.0161888
1.021998e-007,-0.00978906
1.022998e-007,-0.0129889
1.023998e-007,-0.00978906
1.024998e-007,-0.00978906
1.025998e-007,-0.00978906
1.026998e-007,-0.00978906
1.027998e-007,-0.00978906
1.028998e-007,-0.00978906
1.029998e-007,-0.00978906
1.030998e-007,-0.0161888
1.031998e-007,-0.00978906
1.032998e-007,-0.00658919
1.033998e-007,0.00301044
1.034998e-007,-0.00338931
1.035998e-007,-0.000189433
1.036998e-007,-0.000189433
1.037998e-007,-0.00338931
1.038998e-007,-0.00658919
1.039998e-007,-0.000189433
1.040998e-007,-0.00978906
1.041998e-007,-0.0161888
1.042998e-007,-0.0161888
1.043998e-007,-0.0129889
1.044998e-007,-0.0129889
1.045998e-007,-0.00978906
1.046998e-007,-0.00978906
1.047998e-007,-0.00978906
1.048998e-007,-0.0129889
1.049998e-007,-0.00978906
1.050998e-007,-0.00338931
1.051998e-007,-0.00338931
1.052998e-007,-0.00658919
1.053998e-007,-0.00658919
1.054998e-007,-0.0129889
1.055998e-007,-0.00658919
1.056998e-007,-0.0129889
1.057998e-007,-0.00978906
1.058998e-007,-0.00978906
1.059998e-007,-0.00978906
1.060998e-007,-0.0129889
1.061998e-007,-0.00978906
1.062998e-007,-0.00658919
1.063998e-007,-0.00978906
1.064998e-007,-0.00658919
1.065998e-007,-0.00338931
1.066998e-007,-0.00978906
1.067998e-007,-0.00978906
1.068998e-007,-0.00978906
1.069998e-007,-0.00658919
1.070998e-007,-0.00658919
1.071998e-007,-0.00338931
1.072998e-007,-0.00658919
1.073998e-007,-0.00658919
1.074998e-007,-0.0129889
1.075998e-007,-0.00338931
1.076998e-007,-0.00978906
1.077998e-007,-0.00978906
1.078998e-007,-0.00658919
1.079998e-007,-0.00338931
1.080998e-007,-0.00338931
1.081998e-007,-0.00338931
1.082998e-007,-0.000189433
1.083998e-007,-0.00338931
1.084998e-007,-0.000189433
1.085998e-007,-0.00338931
1.086998e-007,-0.00658919
1.087998e-007,-0.00978906
1.088998e-007,-0.00658919
1.089998e-007,-0.00658919
1.090998e-007,-0.00338931
1.091998e-007,-0.00658919
1.092998e-007,-0.0161888
1.093998e-007,-0.0129889
1.094998e-007,-0.00978906
1.095998e-007,-0.00338931
1.096998e-007,-0.00338931
1.097998e-007,-0.00978906
1.098998e-007,-0.00658919
1.099998e-007,-0.00658919
1.100998e-007,-0.00978906
1.101998e-007,-0.00978906
1.102998e-007,-0.0161888
1.103998e-007,-0.0129889
1.104998e-007,-0.00658919
1.105998e-007,-0.000189433
1.106998e-007,-0.000189433
1.107998e-007,-0.00338931
1.108998e-007,-0.00978906
1.109998e-007,-0.00978906
1.110998e-007,-0.00338931
1.111998e-007,-0.00658919
1.112998e-007,-0.0161888
1.113998e-007,-0.0129889
1.114998e-007,-0.0129889
1.115998e-007,-0.00658919
1.116998e-007,-0.00658919
1.117998e-007,-0.00338931
1.118998e-007,-0.00658919
1.119998e-007,-0.00338931
1.120998e-007,-0.000189433
1.121998e-007,-0.00658919
1.122998e-007,-0.000189433
1.123998e-007,-0.00978906
1.124998e-007,-0.0129889
1.125998e-007,-0.0129889
1.126998e-007,-0.0129889
1.127998e-007,-0.00338931
1.128998e-007,-0.00658919
1.129998e-007,-0.00658919
1.130998e-007,-0.00658919
1.131998e-007,-0.00338931
1.132998e-007,-0.00978906
1.133998e-007,-0.0129889
1.134998e-007,-0.00978906
1.135998e-007,-0.000189433
1.136998e-007,-0.000189433
1.137998e-007,-0.000189433
1.138998e-007,-0.00338931
1.139998e-007,-0.00338931
1.140998e-007,0.00301044
1.141998e-007,-0.000189433
1.142998e-007,-0.00338931
1.143998e-007,-0.0129889
1.144998e-007,-0.0161888
1.145998e-007,-0.00978906
1.146998e-007,-0.00658919
1.147998e-007,-0.00338931
1.148998e-007,-0.00338931
1.149998e-007,-0.00658919
1.150998e-007,-0.0129889
1.151998e-007,-0.0129889
1.152998e-007,-0.0129889
1.153998e-007,-0.00978906
1.154998e-007,-0.00978906
1.155998e-007,-0.0161888
1.156998e-007,-0.0225886
1.157998e-007,-0.0161888
1.158998e-007,-0.00978906
1.159998e-007,-0.00978906
1.160998e-007,-0.0129889
1.161998e-007,-0.0129889
1.162998e-007,-0.0161888
1.163998e-007,-0.00978906
1.164998e-007,-0.00978906
1.165998e-007,-0.00658919
1.166998e-007,-0.00978906
1.167998e-007,-0.00658919
1.168998e-007,-0.0129889
1.169998e-007,-0.00978906
1.170998e-007,-0.00978906
1.171998e-007,-0.00658919
1.172998e-007,-0.00338931
1.173998e-007,-0.00658919
1.174998e-007,-0.000189433
1.175998e-007,-0.000189433
1.176998e-007,0.00621032
1.177998e-007,-0.000189433
1.178998e-007,-0.00658919
1.179998e-007,-0.00658919
1.180998e-007,-0.0161888
1.181998e-007,-0.0129889
1.182998e-007,-0.00658919
1.183998e-007,-0.00338931
1.184998e-007,-0.00338931
1.185998e-007,-0.00338931
1.186998e-007,-0.0161888
1.187998e-007,-0.0193887
1.188998e-007,-0.00978906
1.189998e-007,-0.00658919
1.190998e-007,-0.00338931
1.191998e-007,-0.000189433
1.192998e-007,-0.000189433
1.193998e-007,0.00621032
1.194998e-007,0.00301044
1.195998e-007,0.00301044
1.196998e-007,-0.00658919
1.197998e-007,-0.00658919
1.198998e-007,-0.000189433
1.199998e-007,-0.00338931
1.200998e-007,-0.00658919
1.201998e-007,-0.00658919
1.202998e-007,-0.00978906
1.203998e-007,-0.00978906
1.204998e-007,-0.00338931
1.205998e-007,-0.00658919
1.206998e-007,-0.00978906
1.207998e-007,-0.00658919
1.208998e-007,-0.00658919
1.209998e-007,-0.000189433
1.210998e-007,0.00621032
1.211998e-007,-0.00658919
1.212998e-007,-0.00978906
1.213998e-007,-0.0129889
1.214998e-007,-0.00978906
1.215998e-007,-0.0129889
1.216998e-007,-0.0161888
1.217998e-007,-0.0129889
1.218998e-007,-0.00978906
1.219998e-007,-0.00978906
1.220998e-007,-0.00978906
1.221998e-007,-0.00338931
1.222998e-007,-0.00658919
1.223998e-007,-0.00338931
1.224998e-007,-0.00978906
1.225998e-007,-0.00338931
1.226998e-007,-0.00338931
1.227998e-007,-0.00338931
1.228998e-007,-0.00978906
1.229998e-007,-0.00658919
1.230998e-007,-0.00658919
1.231998e-007,-0.000189433
1.232998e-007,-0.00338931
1.233998e-007,-0.00338931
1.234998e-007,-0.00978906
1.235998e-007,-0.00658919
1.236998e-007,-0.00978906
1.237998e-007,-0.0129889
1.238998e-007,-0.00978906
1.239998e-007,-0.00338931
1.240998e-007,-0.00658919
1.241998e-007,-0.00978906
1.242998e-007,-0.0129889
1.243998e-007,-0.0161888
1.244998e-007,-0.0161888
1.245998e-007,-0.0161888
1.246998e-007,-0.0161888
1.247998e-007,-0.0129889
1.248998e-007,-0.00978906
1.249998e-007,-0.00978906
1.250998e-007,-0.00978906
1.251998e-007,-0.00338931
1.252998e-007,-0.0161888
1.253998e-007,-0.00658919
1.254998e-007,-0.00658919
1.255998e-007,0.00301044
1.256998e-007,-0.000189433
1.257998e-007,0.00301044
1.258998e-007,0.00301044
1.259998e-007,-0.00978906
1.260998e-007,-0.00978906
1.261998e-007,-0.00338931
1.262998e-007,-0.000189433
1.263998e-007,0.00621032
1.264998e-007,0.0094102
1.265998e-007,0.00301044
1.266998e-007,0.00301044
1.267998e-007,0.00301044
1.268998e-007,-0.00658919
1.269998e-007,-0.0129889
1.270998e-007,-0.0161888
1.271998e-007,-0.0161888
1.272998e-007,-0.0161888
1.273998e-007,-0.00658919
1.274998e-007,-0.00658919
1.275998e-007,-0.00338931
1.276998e-007,-0.00338931
1.277998e-007,-0.000189433
1.278998e-007,-0.000189433
1.279998e-007,0.00301044
1.280998e-007,-0.00338931
1.281998e-007,0.00301044
1.282998e-007,-0.00338931
1.283998e-007,-0.00658919
1.284998e-007,-0.00978906
1.285998e-007,-0.00658919
1.286998e-007,-0.00658919
1.287998e-007,0.00301044
1.288998e-007,0.00301044
1.289998e-007,-0.000189433
1.290998e-007,-0.000189433
1.291998e-007,-0.000189433
1.292998e-007,-0.00338931
1.293998e-007,-0.00658919
1.294998e-007,-0.00658919
1.295998e-007,-0.00978906
1.296998e-007,-0.00978906
1.297998e-007,-0.00978906
1.298998e-007,-0.00658919
1.299998e-007,-0.00978906
1.300998e-007,-0.00978906
1.301998e-007,-0.00978906
1.302998e-007,-0.0129889
1.303998e-007,-0.0161888
1.304998e-007,-0.0129889
1.305998e-007,-0.0129889
1.306998e-007,-0.0129889
1.307998e-007,-0.00978906
1.308998e-007,-0.00658919
1.309998e-007,-0.00658919
1.310998e-007,-0.0129889
1.311998e-007,-0.0129889
1.312998e-007,-0.0129889
1.313998e-007,-0.00978906
1.314998e-007,-0.00658919
1.315998e-007,-0.000189433
1.316998e-007,-0.00338931
1.317998e-007,-0.000189433
1.318998e-007,-0.00338931
1.319998e-007,-0.00978906
1.320998e-007,-0.0161888
1.321998e-007,-0.00978906
1.322998e-007,-0.00658919
1.323998e-007,-0.00338931
1.324998e-007,0.00301044
1.325998e-007,0.00301044
1.326998e-007,-0.000189433
1.327998e-007,-0.00338931
1.328998e-007,-0.00338931
1.329998e-007,-0.00658919
1.330998e-007,-0.0129889
1.331998e-007,-0.0129889
1.332998e-007,-0.0161888
1.333998e-007,-0.00978906
1.334998e-007,-0.00658919
1.335998e-007,-0.00658919
1.336998e-007,-0.00658919
1.337998e-007,0.00301044
1.338998e-007,0.00301044
1.339998e-007,0.00301044
1.340998e-007,-0.00338931
1.341998e-007,-0.00658919
1.342998e-007,-0.00658919
1.343998e-007,-0.00978906
1.344998e-007,-0.00658919
1.345998e-007,-0.000189433
1.346998e-007,-0.00338931
1.347998e-007,0.00301044
1.348998e-007,-0.00338931
1.349998e-007,-0.00658919
1.350998e-007,-0.00978906
1.351998e-007,-0.00978906
1.352998e-007,-0.00978906
1.353998e-007,-0.0129889
1.354998e-007,-0.0161888
1.355998e-007,-0.00658919
1.356998e-007,-0.00658919
1.357998e-007,-0.000189433
1.358998e-007,-0.00338931
1.359998e-007,-0.00338931
1.360998e-007,-0.00978906
1.361998e-007,-0.0129889
1.362998e-007,-0.00658919
1.363998e-007,-0.00658919
1.364998e-007,-0.00338931
1.365998e-007,-0.00978906
1.366998e-007,-0.0129889
1.367998e-007,-0.0161888
1.368998e-007,-0.00978906
1.369998e-007,-0.00658919
1.370998e-007,-0.00658919
1.371998e-007,-0.00658919
1.372998e-007,-0.00338931
1.373998e-007,-0.00338931
1.374998e-007,-0.00338931
1.375998e-007,-0.000189433
1.376998e-007,-0.000189433
1.377998e-007,-0.000189433
1.378998e-007,-0.000189433
1.379998e-007,0.00301044
1.380998e-007,0.00621032
1.381998e-007,0.00621032
1.382998e-007,-0.00338931
1.383998e-007,-0.00658919
1.384998e-007,-0.0129889
1.385998e-007,-0.00658919
1.386998e-007,-0.00978906
1.387998e-007,-0.000189433
1.388998e-007,-0.000189433
1.389998e-007,-0.00658919
1.390998e-007,-0.00658919
1.391998e-007,-0.00658919
1.392998e-007,-0.00658919
1.393998e-007,-0.00338931
1.394998e-007,-0.00978906
1.395998e-007,-0.00658919
1.396998e-007,-0.00338931
1.397998e-007,-0.00658919
1.398998e-007,-0.00338931
1.399998e-007,-0.000189433
1.400998e-007,-0.00338931
1.401998e-007,-0.00978906
1.402998e-007,-0.00978906
1.403998e-007,-0.0161888
1.404998e-007,-0.00978906
1.405998e-007,-0.0129889
1.406998e-007,-0.00658919
1.407998e-007,-0.00978906
1.408998e-007,-0.00978906
1.409998e-007,-0.0129889
1.410998e-007,-0.00658919
1.411998e-007,-0.000189433
1.412998e-007,-0.00338931
1.413998e-007,-0.00338931
1.414998e-007,-0.0129889
1.415998e-007,-0.00978906
1.416998e-007,-0.00658919
1.417998e-007,-0.00338931
1.418998e-007,-0.00658919
1.419998e-007,-0.00978906
1.420998e-007,-0.00978906
1.421998e-007,-0.00658919
1.422998e-007,-0.00658919
1.423998e-007,0.0094102
1.424998e-007,0.00301044
1.425998e-007,-0.000189433
1.426998e-007,-0.000189433
1.427998e-007,-0.00978906
1.428998e-007,-0.00978906
1.429998e-007,-0.000189433
1.430998e-007,-0.00658919
1.431998e-007,-0.00658919
1.432998e-007,-0.0129889
1.433998e-007,-0.00658919
1.434998e-007,-0.00658919
1.435998e-007,-0.00658919
1.436998e-007,-0.00978906
1.437998e-007,-0.00978906
1.438998e-007,-0.0129889
1.439998e-007,-0.00978906
1.440998e-007,-0.0129889
1.441998e-007,-0.0129889
1.442998e-007,-0.0129889
1.443998e-007,-0.00978906
1.444998e-007,-0.0129889
1.445998e-007,-0.00978906
1.446998e-007,-0.000189433
1.447998e-007,-0.000189433
1.448998e-007,-0.00658919
1.449998e-007,-0.00338931
1.450998e-007,-0.00338931
1.451998e-007,-0.00978906
1.452998e-007,-0.00338931
1.453998e-007,-0.00338931
1.454998e-007,-0.000189433
1.455998e-007,-0.00338931
1.456998e-007,-0.0161888
1.457998e-007,-0.0129889
1.458998e-007,-0.00658919
1.459998e-007,-0.00338931
1.460998e-007,-0.0129889
1.461998e-007,-0.00978906
1.462998e-007,-0.00658919
1.463998e-007,-0.00978906
1.464998e-007,-0.0161888
1.465998e-007,-0.0161888
1.466998e-007,-0.0161888
1.467998e-007,-0.00978906
1.468998e-007,-0.0129889
1.469998e-007,-0.00338931
1.470998e-007,-0.00338931
1.471998e-007,-0.000189433
1.472998e-007,-0.00338931
1.473998e-007,-0.00338931
1.474998e-007,-0.00338931
1.475998e-007,-0.00338931
1.476998e-007,-0.000189433
1.477998e-007,-0.000189433
1.478998e-007,-0.000189433
1.479998e-007,-0.000189433
1.480998e-007,-0.00338931
1.481998e-007,-0.00978906
1.482998e-007,-0.00978906
1.483998e-007,-0.00338931
1.484998e-007,-0.000189433
1.485998e-007,0.00621032
1.486998e-007,-0.000189433
1.487998e-007,-0.00338931
1.488998e-007,-0.00338931
1.489998e-007,-0.00338931
1.490998e-007,-0.0129889
1.491998e-007,-0.0129889
1.492998e-007,-0.0129889
1.493998e-007,-0.0193887
1.494998e-007,-0.0161888
1.495998e-007,-0.00658919
1.496998e-007,-0.00658919
1.497998e-007,-0.00658919
1.498998e-007,-0.00338931
1.499998e-007,-0.0129889
1.500998e-007,-0.0161888
1.501998e-007,-0.0129889
1.502998e-007,-0.0129889
1.503998e-007,-0.00658919
1.504998e-007,-0.00658919
1.505998e-007,-0.00658919
1.506998e-007,-0.00658919
1.507998e-007,-0.00658919
1.508998e-007,-0.00658919
1.509998e-007,-0.00658919
1.510998e-007,-0.00658919
1.511998e-007,-0.00338931
1.512998e-007,0.0094102
1.513998e-007,0.00301044
1.514998e-007,0.00621032
1.515998e-007,-0.000189433
1.516998e-007,0.00301044
1.517998e-007,-0.00338931
1.518998e-007,-0.00338931
1.519998e-007,-0.000189433
1.520998e-007,-0.00658919
1.521998e-007,-0.00658919
1.522998e-007,-0.0129889
1.523998e-007,-0.00978906
1.524998e-007,-0.00658919
1.525998e-007,-0.00658919
1.526998e-007,-0.00658919
1.527998e-007,-0.00658919
1.528998e-007,-0.00978906
1.529998e-007,-0.0129889
1.530998e-007,-0.00658919
1.531998e-007,-0.00338931
1.532998e-007,-0.00658919
1.533998e-007,-0.00658919
1.534998e-007,-0.0129889
1.535998e-007,-0.00658919
1.536998e-007,-0.00658919
1.537998e-007,-0.00338931
1.538998e-007,-0.00338931
1.539998e-007,-0.00658919
1.540998e-007,-0.00658919
1.541998e-007,-0.00978906
1.542998e-007,-0.0129889
1.543998e-007,-0.00978906
1.544998e-007,-0.00658919
1.545998e-007,0.00301044
1.546998e-007,-0.00658919
1.547998e-007,0.00301044
1.548998e-007,-0.00338931
1.549998e-007,-0.000189433
1.550998e-007,-0.00338931
1.551998e-007,-0.000189433
1.552998e-007,-0.000189433
1.553998e-007,-0.00658919
1.554998e-007,-0.00658919
1.555998e-007,-0.00658919
1.556998e-007,-0.00978906
1.557998e-007,-0.0193887
1.558998e-007,-0.0193887
1.559998e-007,-0.0161888
1.560998e-007,-0.0129889
1.561998e-007,-0.00978906
1.562998e-007,-0.00978906
1.563998e-007,-0.00978906
1.564998e-007,-0.0161888
1.565998e-007,-0.0161888
1.566998e-007,-0.00978906
1.567998e-007,-0.00658919
1.568998e-007,-0.00658919
1.569998e-007,-0.00658919
1.570998e-007,-0.00978906
1.571998e-007,-0.00338931
1.572998e-007,-0.00658919
1.573998e-007,-0.00338931
1.574998e-007,-0.00338931
1.575998e-007,-0.000189433
1.576998e-007,-0.000189433
1.577998e-007,-0.00338931
1.578998e-007,-0.00658919
1.579998e-007,-0.00338931
1.580998e-007,-0.00658919
1.581998e-007,-0.00338931
1.582998e-007,-0.0129889
1.583998e-007,-0.00658919
1.584998e-007,-0.00978906
1.585998e-007,-0.00978906
1.586998e-007,-0.0129889
1.587998e-007,-0.00978906
1.588998e-007,-0.00978906
1.589998e-007,-0.00338931
1.590998e-007,-0.00658919
1.591998e-007,-0.000189433
1.592998e-007,-0.00658919
1.593998e-007,-0.00658919
1.594998e-007,-0.00978906
1.595998e-007,-0.0161888
1.596998e-007,-0.0161888
1.597998e-007,-0.00978906
1.598998e-007,-0.0129889
1.599998e-007,-0.00658919
1.600998e-007,-0.00658919
1.601998e-007,-0.00978906
1.602998e-007,-0.00978906
1.603998e-007,-0.00658919
1.604998e-007,-0.00978906
1.605998e-007,-0.0129889
1.606998e-007,-0.0129889
1.607998e-007,-0.00338931
1.608998e-007,-0.00658919
1.609998e-007,-0.00338931
1.610998e-007,-0.00658919
1.611998e-007,-0.000189433
1.612998e-007,0.00301044
1.613998e-007,-0.000189433
1.614998e-007,-0.00658919
1.615998e-007,-0.00978906
1.616998e-007,-0.00978906
1.617998e-007,-0.00978906
1.618998e-007,-0.0129889
1.619998e-007,-0.0161888
1.620998e-007,-0.0129889
1.621998e-007,-0.00978906
1.622998e-007,-0.00658919
1.623998e-007,-0.00338931
1.624998e-007,-0.0129889
1.625998e-007,-0.0161888
1.626998e-007,-0.00658919
1.627998e-007,-0.00338931
1.628998e-007,-0.00658919
1.629998e-007,-0.00338931
1.630998e-007,-0.0129889
1.631998e-007,-0.00978906
1.632998e-007,-0.00658919
1.633998e-007,-0.000189433
1.634998e-007,-0.00338931
1.635998e-007,-0.00658919
1.636998e-007,-0.0129889
1.637998e-007,-0.00978906
1.638998e-007,-0.00978906
1.639998e-007,-0.00338931
1.640998e-007,-0.00658919
1.641998e-007,-0.00338931
1.642998e-007,-0.00978906
1.643998e-007,-0.0129889
1.644998e-007,-0.0129889
1.645998e-007,-0.0161888
1.646998e-007,-0.00978906
1.647998e-007,-0.00338931
1.648998e-007,-0.00978906
1.649998e-007,-0.00658919
1.650998e-007,-0.00338931
1.651998e-007,-0.00338931
1.652998e-007,-0.00338931
1.653998e-007,-0.00658919
1.654998e-007,-0.0161888
1.655998e-007,-0.0129889
1.656998e-007,-0.00978906
1.657998e-007,-0.00978906
1.658998e-007,-0.00978906
1.659998e-007,-0.00978906
1.660998e-007,-0.0129889
1.661998e-007,-0.00658919
1.662998e-007,-0.00978906
1.663998e-007,-0.00338931
1.664998e-007,-0.00338931
1.665998e-007,0.00301044
1.666998e-007,-0.000189433
1.667998e-007,-0.00338931
1.668998e-007,-0.00338931
1.669998e-007,-0.00658919
1.670998e-007,-0.0129889
1.671998e-007,-0.00978906
1.672998e-007,-0.00978906
1.673998e-007,-0.00978906
1.674998e-007,-0.000189433
1.675998e-007,-0.000189433
1.676998e-007,-0.00658919
1.677998e-007,-0.00338931
1.678998e-007,-0.00978906
1.679998e-007,-0.00978906
1.680998e-007,-0.00658919
1.681998e-007,-0.00658919
1.682998e-007,-0.00658919
1.683998e-007,-0.00978906
1.684998e-007,-0.00978906
1.685998e-007,-0.00978906
1.686998e-007,-0.00658919
1.687998e-007,-0.00338931
1.688998e-007,-0.00658919
1.689998e-007,-0.00338931
1.690998e-007,-0.00658919
1.691998e-007,-0.00978906
1.692998e-007,-0.00338931
1.693998e-007,-0.000189433
1.694998e-007,-0.00338931
1.695998e-007,0.00301044
1.696998e-007,-0.000189433
1.697998e-007,-0.000189433
1.698998e-007,-0.00658919
1.699998e-007,-0.00338931
1.700998e-007,-0.00658919
1.701998e-007,-0.00978906
1.702998e-007,-0.00338931
1.703998e-007,-0.000189433
1.704998e-007,-0.000189433
1.705998e-007,-0.00658919
1.706998e-007,-0.00658919
1.707998e-007,-0.00338931
1.708998e-007,-0.00978906
1.709998e-007,-0.00658919
1.710998e-007,-0.00978906
1.711998e-007,-0.00978906
1.712998e-007,-0.00658919
1.713998e-007,-0.00338931
1.714998e-007,-0.00338931
1.715998e-007,-0.000189433
1.716998e-007,-0.00978906
1.717998e-007,-0.00658919
1.718998e-007,-0.00978906
1.719998e-007,-0.0129889
1.720998e-007,-0.0129889
1.721998e-007,-0.0129889
1.722998e-007,-0.0129889
1.723998e-007,-0.00978906
1.724998e-007,-0.00978906
1.725998e-007,-0.00338931
1.726998e-007,-0.00338931
1.727998e-007,-0.00338931
1.728998e-007,-0.0129889
1.729998e-007,-0.00658919
1.730998e-007,-0.00658919
1.731998e-007,-0.00658919
1.732998e-007,-0.00978906
1.733998e-007,-0.00338931
1.734998e-007,-0.00338931
1.735998e-007,0.00621032
1.736998e-007,0.00301044
1.737998e-007,-0.000189433
1.738998e-007,-0.000189433
1.739998e-007,-0.00658919
1.740998e-007,-0.00658919
1.741998e-007,-0.00658919
1.742998e-007,-0.00338931
1.743998e-007,-0.00658919
1.744998e-007,-0.00978906
1.745998e-007,-0.0129889
1.746998e-007,-0.0129889
1.747998e-007,-0.00978906
1.748998e-007,-0.00338931
1.749998e-007,-0.00338931
1.750998e-007,-0.00338931
1.751998e-007,-0.00658919
1.752998e-007,-0.0129889
1.753998e-007,-0.00658919
1.754998e-007,-0.00338931
1.755998e-007,-0.00658919
1.756998e-007,-0.0129889
1.757998e-007,-0.00658919
1.758998e-007,-0.00658919
1.759998e-007,-0.00338931
1.760998e-007,-0.00338931
1.761998e-007,-0.000189433
1.762998e-007,0.00301044
1.763998e-007,-0.000189433
1.764998e-007,-0.00658919
1.765998e-007,-0.00338931
1.766998e-007,-0.00658919
1.767998e-007,-0.000189433
1.768998e-007,-0.00338931
1.769998e-007,-0.00338931
1.770998e-007,-0.00658919
1.771998e-007,-0.000189433
1.772998e-007,-0.000189433
1.773998e-007,-0.000189433
1.774998e-007,-0.00338931
1.775998e-007,-0.00978906
1.776998e-007,-0.00978906
1.777998e-007,-0.000189433
1.778998e-007,-0.00978906
1.779998e-007,-0.00338931
1.780998e-007,-0.00338931
1.781998e-007,0.00301044
1.782998e-007,-0.000189433
1.783998e-007,-0.000189433
1.784998e-007,-0.00658919
